#|O| #exhaust #hm #rhw #zg #hoffmann2.4166666666666665 20.566499999999998 26.8685 20.368750000000002 20.568 59.54475
2.533333333333333 6.085 6.170249999999999 6.107 6.092749999999999 17.0535
3.0 13.2155 17.423 13.17825 13.32025 41.213750000000005
3.0697674418604652 3.90925 3.9095 3.90225 3.90125 11.127500000000001
3.0833333333333335 10.769499999999999 10.873999999999999 10.70325 10.6495 33.59325
3.3333333333333335 9.451 9.600000000000001 9.4865 9.46725 31.904500000000002
3.5833333333333335 10.735 12.13075 10.70575 10.753250000000001 35.393
3.6666666666666665 10.9315 10.982750000000001 10.9255 10.89975 29.50525
4.066666666666666 10.4585 12.14625 10.48825 10.42275 32.85925
4.416666666666667 10.362 10.6155 10.369250000000001 10.33775 35.18825
4.558139534883721 4.8462499999999995 4.878 4.8412500000000005 4.8565000000000005 13.618
4.8 6.42475 6.47925 6.38875 6.38925 18.143250000000002
4.833333333333333 12.918 13.134500000000001 12.7775 12.89225 45.543
5.333333333333333 9.692250000000001 64.26275 9.36275 9.404 45.64725
5.75 10.62525 10.7045 10.60875 10.50875 32.762499999999996
5.833333333333333 16.718249999999998 22.294 16.64625 16.77475 50.52575
6.395348837209302 4.304 4.3335 4.3335 4.284 12.91525
6.7 19.639499999999998 19.7245 19.6525 19.543999999999997 68.25925000000001
6.75 12.3575 14.02575 12.411999999999999 12.4415 38.258
6.833333333333333 22.7385 29.77225 22.695 22.721500000000002 66.62424999999999
7.333333333333333 6.149 6.226749999999999 6.14575 6.1259999999999994 17.054
7.511627906976744 5.20825 5.24875 5.20925 5.23675 14.346250000000001
7.733333333333333 14.8965 17.54175 14.967250000000002 14.9315 51.992
8.416666666666666 10.10425 10.19025 10.11 10.048499999999999 32.2445
8.833333333333334 14.815000000000001 19.66825 14.736249999999998 14.8065 47.817
9.25 9.5545 62.833749999999995 9.46 9.50975 37.005500000000005
9.416666666666666 16.127499999999998 16.494 16.0935 16.093 59.32525
10.0 11.428 12.853250000000001 11.36975 11.504 37.823750000000004
10.233333333333333 15.46 15.52075 15.505249999999998 15.4405 47.13
10.333333333333334 16.249249999999996 102.8245 15.656500000000001 15.756 61.1105
10.75 11.041 11.24775 11.07425 11.12125 34.619
10.833333333333334 12.68925 13.02075 12.70725 12.739749999999999 37.247749999999996
11.0 6.363250000000001 6.4544999999999995 6.501 6.432499999999999 18.455750000000002
11.25 11.4575 11.86825 11.356000000000002 11.333 35.000249999999994
11.333333333333334 18.33375 24.467 18.210500000000003 18.301000000000002 53.27775
11.533333333333333 11.909749999999999 13.916500000000001 11.95375 11.93725 38.0845
12.666666666666666 10.877499999999998 11.094999999999999 10.910499999999999 10.8875 36.927
12.75 17.13475 38.332499999999996 16.975749999999998 17.071 57.426500000000004
12.833333333333334 12.92725 14.568000000000001 12.9065 12.968 40.57675
14.166666666666666 14.70325 14.96225 14.702 14.573 52.70825
15.066666666666666 24.05025 24.20775 23.9435 24.020000000000003 84.50325
15.666666666666666 13.8265 85.09175 13.34825 13.449750000000002 52.911500000000004
16.25 23.804000000000002 56.62625 23.712500000000002 23.75275 71.887
16.333333333333332 12.192 12.4645 12.276499999999999 12.2135 39.464749999999995
16.666666666666668 10.59225 11.0895 10.648 10.64575 34.6215
16.966666666666665 17.2185 20.221 17.281 17.1385 58.45049999999999
17.833333333333332 12.37325 85.4395 12.217 12.3695 42.924
18.166666666666668 17.14725 17.628999999999998 17.16975 17.213 62.168000000000006
20.166666666666668 21.497 144.5555 20.703 20.856749999999998 64.041
21.916666666666668 11.8505 12.3625 11.92775 11.83225 37.07375
26.666666666666668 10.6055 71.33225 10.59 10.625750000000002 42.45375
34.916666666666664 15.17125 109.47475 15.191749999999999 15.17525 45.15275
