#|O| #exhaust #hm #rhw #zg #hoffmann1.0 0.86575 0.8775 0.8799999999999999 0.88225 1.6075
1.8170731707317074 4.859999999999999 14.916250000000002 4.8142499999999995 4.827999999999999 8.876999999999999
1.9238095238095239 3.167 3.1784999999999997 3.1622500000000002 3.143 6.42225
2.0 0.8580000000000001 0.884 0.88975 0.868 1.5902500000000002
2.0714285714285716 2.6187500000000004 3.548 2.5797499999999998 2.58275 5.3325
2.607142857142857 4.0405 7.214 4.02075 4.01 7.484999999999999
2.7973856209150325 3.2685 6.90325 3.26125 3.275 7.42525
2.823529411764706 4.0184999999999995 4.961 3.9795 3.98175 9.38275
2.9285714285714284 2.1395 3.5685000000000002 2.13775 2.1375 3.8987499999999997
3.0 2.53325 3.22025 2.5225 2.51325 4.6594999999999995
3.130952380952381 4.500500000000001 26.4555 4.392250000000001 4.4 8.11675
3.1785714285714284 2.267 26.91225 2.148 2.169 3.5017500000000004
3.9642857142857144 2.747 3.0627500000000003 2.7802499999999997 2.73175 6.07625
4.466666666666667 0.8435 0.8555 0.88925 0.8607499999999999 1.596
4.476190476190476 4.1395 4.131 4.12675 4.13575 8.92025
4.930894308943089 3.6942500000000003 11.6765 3.63725 3.63625 6.39175
5.4 0.85225 0.8625 0.855 0.8555 1.57
5.428571428571429 2.99075 4.053 2.9924999999999997 3.0025 6.15125
5.714285714285714 2.943 35.34925 2.9122500000000002 2.927 5.315250000000001
6.704761904761905 3.7017499999999997 3.7424999999999997 3.7305 3.70425 7.70125
6.75 2.931 5.2059999999999995 2.9122500000000002 2.91675 5.2517499999999995
6.964285714285714 2.3495 5.47875 2.3505000000000003 2.3565 4.6425
7.490196078431373 3.11375 6.6145 3.1405000000000003 3.1545 7.024749999999999
7.662601626016261 4.686999999999999 15.3155 4.66 4.66425 8.4975
7.678571428571429 2.1075 3.51175 2.0915 2.0905 3.8055
7.928571428571429 2.41975 3.08725 2.442 2.43275 4.478
8.013071895424837 3.64425 4.54875 3.62575 3.615 8.228
8.607142857142858 4.0607500000000005 24.995 4.003 4.03425 7.139749999999999
8.714285714285714 3.09 4.21225 3.0785 3.08925 6.444
8.821428571428571 2.26925 26.69425 2.159 2.1685 3.506
9.552380952380952 3.50575 3.5265 3.51225 3.51875 7.218500000000001
10.821428571428571 4.28975 7.65225 4.25 4.22775 8.00825
11.101626016260163 5.202500000000001 16.36125 5.156499999999999 5.1842500000000005 9.597999999999999
11.142857142857142 2.575 2.8155 2.5635 2.53575 5.54725
11.178571428571429 2.92075 6.787 2.92525 2.92775 5.94725
12.019607843137255 2.9074999999999998 6.1465 2.9037499999999996 2.91775 6.429
12.285714285714286 2.8369999999999997 3.85525 2.834 2.8369999999999997 5.784750000000001
12.357142857142858 2.35175 3.9442500000000003 2.3565 2.3362499999999997 4.30425
12.75 2.7925000000000004 3.5460000000000003 2.8114999999999997 2.77625 5.18325
13.066666666666666 4.0875 4.0815 4.0765 4.055999999999999 8.70675
13.071895424836601 3.662 4.5655 3.6500000000000004 3.6587500000000004 8.332
14.035714285714286 3.96575 24.18025 3.838 3.8520000000000003 6.8525
14.071428571428571 3.593 38.9155 3.40925 3.4265 6.02325
14.5 5.9975000000000005 17.389499999999998 5.852 5.8795 11.062750000000001
15.214285714285714 3.69075 6.571 3.64575 3.68575 6.83275
15.642857142857142 2.7705 6.32625 2.7344999999999997 2.77625 5.54075
16.0 2.6652500000000003 32.6655 2.628 2.6555 4.744
16.892857142857142 2.7815000000000003 3.69325 2.697 2.729 5.70375
17.15686274509804 2.55075 5.45775 2.5705 2.5775 5.515499999999999
17.357142857142858 2.1972500000000004 3.65325 2.1975 2.1812500000000004 4.0184999999999995
17.964285714285715 2.60075 3.3135000000000003 2.6085000000000003 2.6182499999999997 4.84225
18.071428571428573 3.045 3.41825 3.0620000000000003 3.0084999999999997 6.6825
18.326797385620914 3.4695 4.33825 3.46475 3.4785 7.821
19.714285714285715 3.502 22.0665 3.4135 3.4355 5.965
19.857142857142858 2.9152500000000003 33.054249999999996 2.718 2.74925 4.7015
21.142857142857142 4.0995 7.29625 4.05025 4.0767500000000005 7.725
21.714285714285715 3.1055 7.36125 3.1525 3.137 6.44725
21.83606557377049 3.1015 6.23325 3.07475 3.093 7.03275
24.214285714285715 2.5229999999999997 4.264749999999999 2.502 2.49575 4.7455
24.40983606557377 3.9697500000000003 4.86775 3.94125 3.93225 9.307500000000001
24.928571428571427 3.0265 3.9025 3.06325 3.05275 5.763
25.321428571428573 2.8987499999999997 3.18375 2.8735 2.846 6.32925
26.214285714285715 2.67225 32.46825 2.6225 2.6565 4.7145
27.428571428571427 4.455 26.97675 4.358750000000001 4.452249999999999 8.0405
27.714285714285715 3.8095 40.701 3.6260000000000003 3.642 6.57975
35.57142857142857 3.34425 3.7285 3.29575 3.2535 7.4995
36.857142857142854 2.48125 30.432499999999997 2.41925 2.45675 4.322
51.892857142857146 3.0404999999999998 36.245000000000005 2.9715 3.01675 5.453250000000001
